version https://git-lfs.github.com/spec/v1
oid sha256:6d3d9b027d487bc9e83b572b98328cecb5341896f538adcd535e0f3b6dd085a8
size 82434
